day0_rep1,-737148.311093,-18656.713017,164211.902953,-33261.785696,54946.400656,7871.861704,784.172553,31876.874747,-4937.016902,-4744.821022,6040.506240,-3920.740931,3004.088931,1612.068618,610.865604,4500.404589,-7046.115356,8310.632220,-794.297985,-56.167588,0.722992593793
day0_rep2,-610792.006040,16609.783319,199709.494241,-89598.216958,120565.534995,498.494054,-19674.493630,-69060.977511,2342.168746,-9458.479200,-7190.017438,5034.733182,-2607.933300,-2053.796616,-784.290393,-1357.891668,-158.318274,-61.520719,600.767866,-56.187573,0.15784232869
day0_rep3,-488586.415635,52929.031986,316000.517086,-53230.065376,70851.251976,-8567.415650,-20068.565625,50774.313129,6061.047944,13496.594898,1498.410706,-1174.479375,-181.941498,454.776844,-54.306209,-2066.358169,5476.313869,-5991.042680,132.919730,-56.177190,0.0668894499286
day1_rep1,43477.187669,-227191.839947,-47293.137485,-114570.399171,-47116.407494,-68851.105400,8901.952546,-16998.450331,-7802.842347,24723.708897,9035.338573,8603.342138,766.374789,-7537.889113,-276.391395,1619.719693,-961.155613,1162.000973,2856.683125,-56.190931,0.0288742716387
day1_rep2,-3686.989277,-224761.330510,-49941.909162,-97741.102365,-55655.427169,-75025.195527,13067.766550,17968.705516,5354.105501,-10794.761859,-8969.364515,1950.034215,-9031.038746,6604.454940,9192.101250,82.796003,-2995.557289,-1654.315402,-659.522864,-56.180719,0.01226251159
day1_rep3,-73666.595023,-224200.765248,-74298.715225,-106977.293973,-40117.226752,-64244.256754,15063.592514,-8657.934206,5636.551293,-12630.127015,2208.061661,-11915.147273,8251.787367,1706.968220,-8648.386072,-2499.727307,4187.066184,428.825646,-2480.977919,-56.174035,0.00461307210514
day2_rep1,-641145.016612,15274.774495,-139174.503939,68520.486411,-18383.836845,38219.619416,33612.824021,-18039.227122,10991.729158,16165.697789,3169.660340,-1195.275350,-2215.580076,-254.060428,3788.145359,-5118.401443,-689.948630,421.003496,-8501.476360,-56.182654,0.00362699543837
day2_rep2,-639112.067632,6246.314664,-143589.880529,65832.305786,-28452.799694,22350.972869,21656.970541,-5023.836193,7037.462216,2529.689014,-6115.717377,-546.292526,3751.571240,-255.218920,-3068.092558,12676.544217,-1202.499648,-5501.976448,545.926223,-56.155698,0.00157543600203
day2_rep3,-624921.003880,18922.676836,-140255.205825,84466.422078,-31130.861472,27286.895338,32753.754429,9839.152875,20410.987322,-4006.501233,-275.230956,2534.601251,5.731237,403.573754,351.838216,-5257.608821,3105.883657,3408.359047,8467.989597,-56.192811,0.000411867009902
day4_rep1,315651.047731,252014.788053,-233254.874050,-21079.236350,43742.557426,-9067.837836,-59445.579476,18164.056954,6805.457163,5722.221393,-4187.126890,1001.597257,-3190.975857,142.870734,-8052.757766,-4434.023639,-8695.214452,-1586.745833,359.077199,-56.194749,0.000313703723169
day4_rep2,251755.342858,233057.286286,-229420.297059,-26759.561073,43107.498651,-5547.566280,-57854.087953,7624.240608,-1384.368637,663.049363,-1221.852342,3591.197782,-4989.587902,1685.875838,1082.377389,5096.862689,9634.178747,5372.257318,-2225.729531,-56.176666,0.00011732967592
day4_rep3,-99044.165358,145422.471825,-222473.851553,-29129.765909,44028.891431,14744.317487,-32117.258798,-7076.812671,-17128.341982,-9934.313518,8681.889520,-6009.119447,9165.968086,-2403.037578,9162.388915,-1913.186248,-774.672768,-4380.539215,2064.307125,-56.152642,0.000106240195743
day5_rep1,1266464.520660,367224.739650,61637.375779,-126142.173071,67114.779998,21015.552025,82556.074083,-5767.679337,14293.339970,1777.261105,2793.396127,-1192.684371,1905.071131,2130.631974,1453.628170,2004.656942,-766.183664,23.856340,453.284173,-56.171226,0.000102457333745
day5_rep2,-93573.157295,37078.333944,-54049.812093,-36583.651036,-1729.742814,34517.981261,67239.659168,22981.757598,-35782.130659,-4536.793016,-9160.857455,3666.489437,-3078.133728,-4534.558011,-3821.625734,-2942.130724,1587.823709,4.130848,-711.177083,-56.198327,8.10017966231e-05
day11_rep1,371470.823161,-418850.914628,42063.371444,-53006.232194,-40227.735129,81873.537507,-27761.531054,-13230.786051,-9242.964301,7110.783506,2348.026018,2684.398864,1515.029337,15334.695320,-1765.258913,-541.127394,71.348538,-460.713814,1233.894580,-56.133055,5.17218512096e-05
day11_rep2,609064.661691,-377229.716512,-131.368396,310356.304335,134957.621757,-47905.981512,17096.286948,-836.889162,-4338.333961,527.338696,467.380607,-256.667869,183.825740,1010.820377,-75.756830,-13.957037,83.036835,-82.176457,12.474532,-56.172695,4.36865057072e-05
day11_rep3,676034.473368,-433563.111089,77405.952614,-27926.112169,-41917.686318,66617.586193,-34747.261491,12692.820683,13165.197786,-8123.251555,-2735.822253,-2118.384745,-1183.424002,-14319.383793,1598.630080,675.365761,-224.873309,478.207115,-1076.216764,-56.208265,4.02040903221e-05
day18_rep1,299660.252477,297336.642652,192112.389282,96511.034668,-100039.366575,-20576.679406,-25587.136810,-14286.362657,-6424.508149,14068.909913,-13695.541442,-7667.193922,8379.229309,95.862709,3167.908999,-1125.352525,-194.611949,2785.606679,1070.718162,-56.183311,2.95185524172e-05
day18_rep2,132991.865102,256696.573241,151239.660088,104101.866680,-94448.039662,-15255.103297,-11045.970926,5395.620670,2394.089266,-17634.257447,6723.598868,16494.913236,6948.321162,689.313751,-1530.251936,-755.074028,-358.514697,-1266.600583,-2964.727916,-56.165419,2.56013594379e-05
day18_rep3,45133.211767,225621.899697,129545.620072,86240.924854,-80074.408709,81.990930,-4446.021700,-18350.020128,-7461.993816,-4924.980440,10596.655612,-9565.666096,-17382.887948,-490.844440,-2327.532042,1376.598637,-77.820783,-1413.368310,1615.328782,-56.187817,8.7195393353e-09
