4 0.0001 0.04897100000000165 0.011861814050733367 0.011861814050730456 5.4522654162804645e-05 5.4522654162804645e-05
5 1e-05 0.7174059999999969 3.821882514625066e-05 3.821882514591373e-05 0.674009050760591 0.674145357395998
6 1.0000000000000002e-06 0.9504579999999976 3.46794634225282e-06 3.467946342043493e-06 0.9115915162750122 0.9253312251240391
7 1.0000000000000002e-07 1.197541000000001 3.386931552770784e-07 3.386931553412057e-07 0.9714573905457717 0.9727931955727604
8 1.0000000000000002e-08 1.392837 5.300994454642423e-08 5.3009944408024266e-08 0.9827435799574723 0.9975192192355924
9 1.0000000000000003e-09 1.7422380000000004 2.9724418612288683e-09 2.9724413591886094e-09 0.9837795103865656 0.9983370590480345
10 1.0000000000000003e-10 2.036313 2.619034430673481e-10 2.6190299056858123e-10 0.9805354124638788 0.9823891827054141
11 1.0000000000000003e-11 2.3753049999999973 3.289851332691105e-11 3.289812891684157e-11 0.9841611689657053 0.9991003762063138
12 1.0000000000000002e-12 2.5979499999999973 3.023173468598648e-12 3.022770492506803e-12 0.9842429529469494 0.9991821601875579
13 1.0000000000000002e-13 2.8820160000000072 2.0233532329924987e-13 2.0189211315452432e-13 0.9847336568344147 0.9986369336459299
14 1.0000000000000002e-14 3.167763999999991 2.72205193709203e-14 2.6606046160043118e-14 0.9843519982552751 0.9992094215146393
15 1e-15 3.359111999999996 4.832315186954913e-15 3.2191053244419393e-15 0.984624611526089 0.9997819093833488
16 1.0000000000000001e-16 3.699673000000004 3.2042447625711258e-15 1.6596635393427447e-17 0.9841339076386239 0.9988005016084183
