4 0.0001 0.006998000000002946 0.011861814050733367 0.011861814050730456 5.4522654162804645e-05 5.4522654162804645e-05
5 1e-05 0.017492000000004282 3.8218825146249694e-05 3.821882514591277e-05 0.6740363120876725 0.6743089253584864
6 1.0000000000000002e-06 0.02601500000000101 3.467946342252767e-06 3.4679463420434406e-06 0.9127364920124311 0.9256310997219345
7 1.0000000000000002e-07 0.031412000000003104 3.3869315527631303e-07 3.3869315534044026e-07 0.9755465896079821 0.9901859222506951
8 1.0000000000000002e-08 0.028562000000000864 5.3009944546216043e-08 5.300994440781615e-08 0.982852625265798 0.9977100485251622
9 1.0000000000000003e-09 0.03406999999999982 2.9724418629807455e-09 2.9724413609404845e-09 0.9844337822365192 0.9995365574396161
10 1.0000000000000003e-10 0.03833200000000403 2.6190344357320757e-10 2.619029910744009e-10 0.9842429529469494 0.9991548988604765
11 1.0000000000000003e-11 0.042151000000004046 3.289851320422037e-11 3.2898128794502263e-11 0.9847063955073333 0.9997001254021046
12 1.0000000000000002e-12 0.047930000000000916 3.023172253504197e-12 3.0227692966166952e-12 0.9845700888719263 0.9996728640750232
13 1.0000000000000002e-13 0.05208099999999405 2.0233507868808335e-13 2.01891930846488e-13 0.9844610435636006 0.9993729894771277
14 1.0000000000000002e-14 0.05632299999999901 2.7215239699642225e-14 2.660351135499481e-14 0.9800174472493322 0.9819257401450303
15 1e-15 0.0597969999999961 4.824077849595791e-15 3.216156098617324e-15 0.9844337822365192 0.9994002508042091
16 1.0000000000000001e-16 0.06535000000000224 3.20937687689342e-15 0.0 0.9848427021427403 1.0
